<?xml version="1.0"?>
<opencv_storage>
<calibrationDate>"jeu. 30 juil. 2020 15:27:54 CEST"</calibrationDate>
<framesCount>29</framesCount>
<cameraResolution>
  1280 720</cameraResolution>
<cameraMatrix type_id="opencv-matrix">
  <rows>3</rows>
  <cols>3</cols>
  <dt>d</dt>
  <data>
    7.6057687973891382e+02 0. 6.2492434385288266e+02 0.
    7.6057687973891382e+02 3.6399735116454093e+02 0. 0. 1.</data></cameraMatrix>
<cameraMatrix_std_dev type_id="opencv-matrix">
  <rows>4</rows>
  <cols>1</cols>
  <dt>d</dt>
  <data>
    0. 1.2869004530990049e+00 5.1054503774625115e-01
    4.1965495947539644e-01</data></cameraMatrix_std_dev>
<dist_coeffs type_id="opencv-matrix">
  <rows>1</rows>
  <cols>5</cols>
  <dt>d</dt>
  <data>
    9.2933132794199361e-02 -2.2669658063500875e-01 0. 0.
    9.9776815200989868e-02</data></dist_coeffs>
<dist_coeffs_std_dev type_id="opencv-matrix">
  <rows>5</rows>
  <cols>1</cols>
  <dt>d</dt>
  <data>
    1.8680665225061766e-03 3.7082411864944802e-03 0. 0.
    2.3354933903581964e-03</data></dist_coeffs_std_dev>
<avg_reprojection_error>1.8257081057205604e-01</avg_reprojection_error>
</opencv_storage>
